Mag: 20003.218721 The dominant frequency at index 932 is 932.00 Hz.
Mag: 20003.218721 The dominant frequency at index 932 is 932.00 Hz.
